[gd_scene load_steps=11 format=3 uid="uid://d1he7h6c2ifoi"]

[ext_resource type="Script" uid="uid://ox7krkkqatqq" path="res://scenes/Ship/Ship.gd" id="1_mp2ty"]
[ext_resource type="ArrayMesh" uid="uid://c7vw7twlq30xh" path="res://art/models/Lander/BodyCube.res" id="2_6y3jr"]
[ext_resource type="PackedScene" uid="uid://dbxok8t5f1pwi" path="res://scenes/Ship/Parts/MainEngine/MainEngine.tscn" id="4_te2uv"]
[ext_resource type="PackedScene" uid="uid://ben4n8f4rggne" path="res://scenes/Ship/Parts/Antenna/Antenna.tscn" id="4_w40mm"]
[ext_resource type="PackedScene" uid="uid://dnvyusecte1jf" path="res://scenes/Ship/Parts/Camera/Camera.tscn" id="6_uvhyn"]
[ext_resource type="PackedScene" uid="uid://c6lq5fnm7cfb6" path="res://scenes/Ship/Parts/ThrusterQuad/ThrusterQuad.tscn" id="7_ksf0g"]
[ext_resource type="PackedScene" uid="uid://cfbmnc5vau2qe" path="res://scenes/Ship/Parts/SolarPanel/SolarPanel.tscn" id="8_kp43v"]
[ext_resource type="PackedScene" uid="uid://p38nfdvptu01" path="res://scenes/Ship/Parts/Scanner/Scanner.tscn" id="9_mjkng"]
[ext_resource type="PackedScene" uid="uid://cgrc3kns4v50v" path="res://scenes/Ship/Parts/LandingLeg/LandingLeg.tscn" id="10_abcde"]

[sub_resource type="ConvexPolygonShape3D" id="ConvexPolygonShape3D_km7nn"]
points = PackedVector3Array(-1, -0.122128, -0.765857, -0.870399, -0.254595, -0.74354, -1, -0.122128, 0.765662, -1, -0.121144, -0.767228, -0.870399, -0.254595, 0.743344, -0.74354, -0.254595, -0.870399, -1, -0.121144, 0.767032, -0.767228, -0.121144, -1, -1, 1.62257, -0.767228, -0.74354, -0.254595, 0.870204, -0.767228, -0.121144, 1, -0.765857, -0.122128, -1, 0.743344, -0.254595, -0.870399, -1, 1.62257, 0.767032, -0.767228, 1.62257, -1, -1, 1.62355, -0.765857, -0.870399, 1.75622, -0.74354, 0.743344, -0.254595, 0.870204, -0.765857, -0.122128, 1, -0.767228, 1.62257, 1, 0.765662, -0.122128, -1, 0.767032, -0.121144, -1, 1, -0.121144, -0.767228, 0.870204, -0.254595, -0.74354, -0.870399, 1.75622, 0.743344, -1, 1.62355, 0.765662, -0.74354, 1.75622, -0.870399, -0.765857, 1.62355, -1, 0.870204, -0.254595, 0.743344, 0.767032, -0.121144, 1, 0.765662, -0.122128, 1, -0.765857, 1.62355, 1, -0.74354, 1.75622, 0.870204, 0.767032, 1.62257, -1, 1, -0.122128, -0.765857, 1, 1.62257, -0.767228, 0.743344, 1.75622, -0.870399, 0.765662, 1.62355, -1, 1, -0.122128, 0.765662, 1, -0.121144, 0.767032, 0.767032, 1.62257, 1, 0.765662, 1.62355, 1, 0.743344, 1.75622, 0.870204, 0.870204, 1.75622, -0.74354, 1, 1.62355, -0.765857, 1, 1.62257, 0.767032, 0.870204, 1.75622, 0.743344, 1, 1.62355, 0.765662)

[node name="Ship" type="RigidBody3D" groups=["affected_by_gravity", "ships"]]
transform = Transform3D(0.00707107, 0, 0.00707107, 0, 0.01, 0, -0.00707107, 0, 0.00707107, 0, 0, 0)
mass = 50.0
gravity_scale = 0.0
script = ExtResource("1_mp2ty")

[node name="BodyCube" type="MeshInstance3D" parent="."]
mesh = ExtResource("2_6y3jr")

[node name="CollisionShape3D" type="CollisionShape3D" parent="."]
shape = SubResource("ConvexPolygonShape3D_km7nn")

[node name="LandingLeg" parent="." instance=ExtResource("10_abcde")]
transform = Transform3D(0.707107, 0, 0.707107, 0, 1, 0, -0.707107, 0, 0.707107, 0, 0, 0)

[node name="LandingLeg2" parent="." instance=ExtResource("10_abcde")]
transform = Transform3D(-0.707107, 0, 0.707107, 0, 1, 0, -0.707107, 0, -0.707107, 0, 0, 0)

[node name="LandingLeg3" parent="." instance=ExtResource("10_abcde")]
transform = Transform3D(-0.707107, 0, -0.707107, 0, 1, 0, 0.707107, 0, -0.707107, 0, 0, 0)

[node name="LandingLeg4" parent="." instance=ExtResource("10_abcde")]
transform = Transform3D(0.707107, 0, -0.707107, 0, 1, 0, 0.707107, 0, 0.707107, 0, 0, 0)

[node name="MainEngine" parent="." instance=ExtResource("4_te2uv")]
transform = Transform3D(1, 0, 0, 0, 1, 0, 0, 0, 1, 0, -0.255, 0)
memory_address = 522

[node name="Camera" parent="." instance=ExtResource("6_uvhyn")]
transform = Transform3D(6.12323e-17, 0, 1, 0, 1, 0, -1, 0, 6.12323e-17, -0.00162362, 0.320171, -1)
memory_address = 532

[node name="Antenna" parent="." instance=ExtResource("4_w40mm")]
transform = Transform3D(1, 0, 0, 0, 1, 0, 0, 0, 1, 0.000406511, 1.75622, 0.000648727)
memory_address = 533

[node name="ThrusterQuad" parent="." instance=ExtResource("7_ksf0g")]
transform = Transform3D(-0.707107, 0, 0.707107, 0, 1, 0, -0.707107, 0, -0.707107, 0.890547, 0.799914, -0.876744)
memory_address = 523

[node name="ThrusterQuad2" parent="." instance=ExtResource("7_ksf0g")]
transform = Transform3D(0.707107, 0, 0.707107, 0, 1, 0, -0.707107, 0, 0.707107, 0.891, 0.8, 0.877)
memory_address = 524

[node name="ThrusterQuad3" parent="." instance=ExtResource("7_ksf0g")]
transform = Transform3D(0.707107, 0, -0.707107, 0, 1, 0, 0.707107, 0, 0.707107, -0.891, 0.8, 0.877)
memory_address = 525

[node name="ThrusterQuad4" parent="." instance=ExtResource("7_ksf0g")]
transform = Transform3D(-0.707107, 0, -0.707107, 0, 1, 0, 0.707107, 0, -0.707107, -0.891, 0.8, -0.877)
memory_address = 526

[node name="SolarPanel" parent="." instance=ExtResource("8_kp43v")]
transform = Transform3D(6.12323e-17, 0, 1, 0, 1, 0, -1, 0, 6.12323e-17, -1, 1.26399, -0.00169204)
memory_address = 527

[node name="SolarPanel2" parent="." instance=ExtResource("8_kp43v")]
transform = Transform3D(6.12323e-17, 0, -1, 0, 1, 0, 1, 0, 6.12323e-17, 1, 1.264, -0.002)
memory_address = 529

[node name="Scanner" parent="." instance=ExtResource("9_mjkng")]
transform = Transform3D(1, 0, 0, 0, 1, 0, 0, 0, 1, -0.00218987, 0.498653, 1)
memory_address = 531
