[gd_scene load_steps=5 format=3 uid="uid://d1he7h6c2ifoi"]

[ext_resource type="Script" path="res://scenes/Ship/Ship.gd" id="1_mp2ty"]
[ext_resource type="PackedScene" uid="uid://ffrn27kk0cdb" path="res://scenes/Ship/Parts/Thruster/Thruster.tscn" id="3_e3yg7"]

[sub_resource type="CapsuleShape3D" id="CapsuleShape3D_1jktp"]

[sub_resource type="CapsuleMesh" id="CapsuleMesh_cue38"]

[node name="Ship" type="RigidBody3D" groups=["affected_by_gravity"]]
mass = 10.0
gravity_scale = 0.0
linear_velocity = Vector3(50, 50, 50)
angular_velocity = Vector3(0, 0, 8.72665)
script = ExtResource("1_mp2ty")

[node name="CollisionShape3D" type="CollisionShape3D" parent="."]
transform = Transform3D(10, 0, 0, 0, 10, 0, 0, 0, 10, 0, 0, 0)
shape = SubResource("CapsuleShape3D_1jktp")

[node name="MeshInstance3D" type="MeshInstance3D" parent="."]
transform = Transform3D(10, 0, 0, 0, 10, 0, 0, 0, 10, 0, 0, 0)
transparency = 0.61
mesh = SubResource("CapsuleMesh_cue38")

[node name="Thruster" parent="." instance=ExtResource("3_e3yg7")]
transform = Transform3D(3, 0, 8.47033e-22, 0, 3, 0, 0, 0, 3, 7.52509e-07, -8.73025, 0)

[node name="Thruster2" parent="." instance=ExtResource("3_e3yg7")]
transform = Transform3D(-0.224144, 0.836516, 0.5, -0.965926, -0.258819, 0, 0.12941, -0.482963, 0.866025, -3.53553, 5, 3.53553)

[node name="Thruster3" parent="." instance=ExtResource("3_e3yg7")]
transform = Transform3D(-0.224144, -0.836516, 0.5, 0.965926, -0.258819, 0, 0.12941, 0.482963, 0.866025, 3.53553, 5, -3.53553)

[node name="Thruster4" parent="." instance=ExtResource("3_e3yg7")]
transform = Transform3D(0.224144, -0.836516, 0.5, 0.965926, 0.258819, 0, -0.12941, 0.482963, 0.866025, 3.53553, -5, -3.53553)

[node name="Thruster5" parent="." instance=ExtResource("3_e3yg7")]
transform = Transform3D(0.224144, 0.836516, 0.5, -0.965926, 0.258819, 0, -0.12941, -0.482963, 0.866025, -3.53553, -5, 3.53553)

[node name="Thruster6" parent="." instance=ExtResource("3_e3yg7")]
transform = Transform3D(-0.224144, 0.836516, -0.5, -0.965926, -0.258819, 0, -0.12941, 0.482963, 0.866025, -3.53553, 5, -3.53553)

[node name="Thruster7" parent="." instance=ExtResource("3_e3yg7")]
transform = Transform3D(0.224144, -0.836516, 0.5, -0.965926, -0.258819, 0, 0.12941, -0.482963, -0.866025, 3.53553, 5, 3.53553)

[node name="Thruster8" parent="." instance=ExtResource("3_e3yg7")]
transform = Transform3D(0.224144, 0.836516, -0.5, -0.965926, 0.258819, 0, 0.12941, 0.482963, 0.866025, -3.53553, -5, -3.53553)

[node name="Thruster9" parent="." instance=ExtResource("3_e3yg7")]
transform = Transform3D(-0.224144, -0.836516, 0.5, -0.965926, 0.258819, 0, -0.12941, -0.482963, -0.866025, 3.53553, -5, 3.53553)
